0
0
0
0
0
0
0
0
0
0
0
0
0
0
0
0
0
0
0
0
0
0
0
0
0
0
0
0
0
0
0
0
0
0
0
0
0
0
0
0
0
0
0
0
0
0
0
0
0
0
0
0
0
0
0
0
0
0
0
0
0
0
0.000389195
-0.00188791
0.011027
0.110733
0.304009
0.579868
0.92071
1.29476
1.65043
1.91465
1.99885
1.81648
1.31352
0.507752
-0.476296
-1.39926
-1.95094
-1.85919
-1.04257
0.261817
1.49852
2.00185
1.38096
-0.118541
-1.58619
-1.94805
-0.803849
1.03886
2.00067
1.08999
-0.933094
-2.00043
-0.839088
1.33215
1.87448
-0.0248122
-1.90974
-1.0791
1.36973
1.70105
-0.722679
-1.93795
0.23155
1.98374
0.0149008
-1.97983
-0.00418266
1.97206
-0.260085
-1.90754
0.756076
1.64502
-1.38342
-1.00588
1.87695
-0.0769947
-1.79852
1.31156
0.787588
-1.91625
0.872683
1.07537
-1.88937
0.877007
0.823136
-1.39859
0
0
0
0
0
0
0
0
0
0
0
0
0
0
0
0
0
0
0
0
0
0
0
0
0
0
0
0
0
0
0
0
0
0
0
0
0
0
0
0
0
0
0
0
0
0
0
0
0
0
0
0
0
0
0
0
0
0
0
0
0
0
-0.0901231
0.322434
0.256578
-0.227507
0.221144
-1.20718
1.19991
1.59843
-1.27162
0.353972
-0.295576
0.171748
0.157611
-0.58709
-0.00676315
1.88852
2.17333
0.438447
-0.477266
-0.0890244
0.095894
0.417633
-0.955798
0.267472
1.92944
2.17316
-0.936836
0.343918
-0.106827
0.121607
-0.684441
1.04513
0.570995
-0.563447
0
0
0
0
0
0
0
0
0
0
0
0
0
0
0
0
0
0
0
0
0
0
0
0
0
0
0
0
0
0
0
0
