0
0
0
0
0
0
0
0
0
0
0
0
0
0
0
0
0
0
0
0
0
0
0
0
0
0
0
0
0
0
0
0
0
0
0
0
0
0
0
0
0
0
0
0
0
0
0
0
0
0
0
0
0
0
0
0
0
0
0
0
0
0
0
0
0.00367549
0.00133877
-0.000513302
-0.00067229
-0.00123979
-0.0021288
-0.00320398
-0.00416526
-0.00451187
-0.00359942
-0.000849799
0.00385874
0.00970113
0.0145707
0.0153265
0.00903483
-0.00480989
-0.0220173
-0.033351
-0.0282012
-0.00240908
0.0338492
0.0561028
0.0399152
-0.0150625
-0.0713161
-0.0735654
-0.0016526
0.0888286
0.0991807
-0.00599693
-0.125031
-0.103838
0.0632059
0.169632
0.0414041
-0.171985
-0.140938
0.131272
0.214016
-0.0780953
-0.262986
0.0366908
0.299748
-0.0234852
-0.333271
0.0516419
0.36041
-0.132543
-0.358222
0.266891
0.281347
-0.421349
-0.0796232
0.500995
-0.243019
-0.361982
0.539758
-0.064992
-0.514198
0.555378
-0.0144441
-0.568078
0.644163
-0.859488
0.148096
0
0
0
0
0
0
0
0
0
0
0
0
0
0
0
0
0
0
0
0
0
0
0
0
0
0
0
0
0
0
0
0
0
0
0
0
0
0
0
0
0
0
0
0
0
0
0
0
0
0
0
0
0
0
0
0
0
0
0
0
0
0
-0.851106
-1.39356
-1.26294
1.22436
-0.578385
0.0163609
-0.0512856
0.771793
-1.52663
-0.990758
-0.75851
-1.70013
1.14559
-0.626758
0.212392
-0.229913
0.73776
-1.81048
0.738643
0.464453
-1.60486
0.785394
-0.466577
0.136531
-0.207937
1.00515
-1.16634
-2.10905
-1.60286
1.15866
-0.56962
0.38539
-0.371609
0.0596631
0
0
0
0
0
0
0
0
0
0
0
0
0
0
0
0
0
0
0
0
0
0
0
0
0
0
0
0
0
0
