0
0
0
0
0
0
0
0
0
0
0
0
0
0
0
0
0
0
0
0
0
0
0
0
0
0
0
0
0
0
0
0
0
0
0
0
0
0
0
0
0
0
0
0
0
0
0
0
0
0
0
0
0
0
0
0
0
0
0
0
0
0
0
0
0
0
0
0
0
0
0
0
0
0
0
0
0
0
0
0
0
0
0
0
0
0
0
0
0
0
0
0
0
0
0
0
0
0
0
0
0
0
0
0
0
0
0
0
0
0
0
0
0
0
0
0
0
0
0
0
0
0
0
0
0
-4.33382e-12
-1.60606e-11
-8.11493e-11
-2.32139e-10
0.0156248
0.0579037
0.124537
0.21423
0.325787
0.457782
0.608303
0.774724
0.953485
1.1399
1.32798
1.51037
1.67832
1.82178
1.92975
1.99069
1.99321
1.92698
1.78384
1.55904
1.25257
0.870382
0.425465
-0.0616245
-0.562832
-1.04358
-1.46475
-1.78586
-1.96915
-1.98457
-1.81497
-1.46096
-0.944452
-0.310062
0.376564
1.03405
1.57432
1.91479
1.99235
1.77698
1.28237
0.570566
-0.251624
-1.04586
-1.66443
-1.97865
-1.9084
-1.44623
-0.668934
0.26876
1.16071
1.79323
1.99818
1.70235
0.958577
-0.0539694
-1.0662
-1.78779
-1.99239
-1.59488
-0.693622
0.442435
1.4467
1.97176
1.8146
1.00465
-0.184795
-1.3182
-1.9536
-1.81978
-0.943325
0.336168
1.48548
1.99673
1.61902
0.495756
-0.870828
-1.83331
-1.90702
-1.02704
0.386032
1.61021
1.98684
1.28572
-0.13518
-1.49138
-1.99722
-1.33079
0.13995
1.5365
1.98576
1.17719
-0.39882
-1.72361
-1.90218
-0.783909
0.886449
1.94186
1.60882
0.0978053
-1.49561
-1.96926
-0.933779
0.836665
1.95441
1.50465
-0.178612
-1.72308
-1.82273
-0.362034
1.42124
1.96021
0.747302
-1.15051
-1.9979
-0.982542
0.968847
1.99855
1.08606
-0.903163
-1.99731
-1.07019
0.960995
1.99998
0.933253
-1.13517
-1.98324
2.83133e-09
5.6569e-09
3.14859e-10
5.50087e-10
0
0
0
0
0
0
0
0
0
0
0
0
0
0
0
0
0
0
0
0
0
0
0
0
0
0
0
0
0
0
0
0
0
0
0
0
0
0
0
0
0
0
0
0
0
0
0
0
0
0
0
0
0
0
0
0
0
0
0
0
0
0
0
0
0
0
0
0
0
0
0
0
0
0
0
0
0
0
0
0
0
0
0
0
0
0
0
0
0
0
0
0
0
0
0
0
0
0
0
0
0
0
0
0
0
0
0
0
0
0
0
0
0
0
0
0
0
0
0
0
-3.07697e-10
2.57231e-10
-3.67211e-09
3.29817e-09
1.10935
-0.927403
1.30896
-1.91748
1.62882
0.580565
-1.90501
-1.23321
0.41837
1.35547
1.61134
1.41583
0.578254
-1.0342
-1.97646
0.2163
1.83549
-1.73915
0.91624
-0.483944
0.705431
-1.46865
1.99554
-0.670542
-1.84156
0.217909
1.72224
1.99811
1.92851
1.98036
1.88495
0.769848
-1.42635
-1.4397
1.77861
-0.416124
-0.629362
0.946137
-0.605938
-0.466309
1.81489
-1.3535
-1.53836
0.558076
1.76603
1.99745
1.99935
1.93229
1.22676
-0.691028
-1.9747
0.64877
1.29471
-1.96094
1.98909
-1.99839
1.84865
-0.741284
-1.41825
1.45744
1.77315
0.445482
-0.533714
-0.767493
1.10018e-09
2.16577e-09
1.48035e-10
2.12877e-10
0
0
0
0
0
0
0
0
0
0
0
0
0
0
0
0
0
0
0
0
0
0
0
0
0
0
0
0
0
0
0
0
0
0
0
0
0
0
0
0
0
0
0
0
0
0
0
0
0
0
0
0
0
0
0
0
0
0
0
0
