0
0
0
0
0
0
0
0
0
0
0
0
0
0
0
0
0
0
0
0
0
0
0
0
0
0
0
0
0
0
0
0
0
0
0
0
0
0
0
0
0
0
0
0
0
0
0
0
0
0
0
0
0
0
0
0
0
0
0
0
0
0
0
0
0
0
0
0
0
0
0
0
0
0
0
0
0
0
0
0
0
0
0
0
0
0
0
0
0
0
0
0
0
0
0
0
0
0
0
0
0
0
0
0
0
0
0
0
0
0
0
0
0
0
0
0
0
0
0
0
0
0
0
0
0
0
0
0
0
0.00781242
0.0289518
0.0622685
0.107115
0.162894
0.228891
0.304151
0.387362
0.476742
0.569948
0.663991
0.755186
0.839158
0.910891
0.964877
0.995345
0.996603
0.963488
0.89192
0.779521
0.626283
0.435191
0.212733
-0.0308122
-0.281416
-0.521788
-0.732375
-0.892928
-0.984574
-0.992283
-0.907485
-0.73048
-0.472226
-0.155031
0.188282
0.517025
0.787161
0.957396
0.996173
0.888489
0.641183
0.285283
-0.125812
-0.522929
-0.832213
-0.989323
-0.954202
-0.723116
-0.334467
0.13438
0.580353
0.896614
0.99909
0.851175
0.479289
-0.0269847
-0.533099
-0.893893
-0.996195
-0.79744
-0.346811
0.221217
0.723349
0.98588
0.9073
0.502327
-0.0923975
-0.659101
-0.976801
-0.909888
-0.471662
0.168084
0.742742
0.998366
0.809509
0.247878
-0.435414
-0.916657
-0.953512
-0.51352
0.193016
0.805107
0.993421
0.64286
-0.0675901
-0.745691
-0.998609
-0.665393
0.069975
0.768251
0.992881
0.588595
-0.19941
-0.861803
-0.951091
-0.391955
0.443224
0.97093
0.804408
0.0489026
-0.747807
-0.984632
-0.466889
0.418333
0.977205
0.752324
-0.0893059
-0.861538
-0.911363
-0.181017
0.710619
0.980105
0.373651
-0.575256
-0.998952
-0.491271
0.484423
0.999276
0.543031
-0.451582
-0.998653
-0.535095
0.480498
0.999992
0.466627
-0.567585
-0.991622
0
0
0
0
0
0
0
0
0
0
0
0
0
0
0
0
0
0
0
0
0
0
0
0
0
0
0
0
0
0
0
0
0
0
0
0
0
0
0
0
0
0
0
0
0
0
0
0
0
0
0
0
0
0
0
0
0
0
0
0
0
0
0
0
0
0
0
0
0
0
0
0
0
0
0
0
0
0
0
0
0
0
0
0
0
0
0
0
0
0
0
0
0
0
0
0
0
0
0
0
0
0
0
0
0
0
0
0
0
0
0
0
0
0
0
0
0
0
0
0
0
0
0
0
0
0
0
0
0.554676
-0.463702
0.654478
-0.958739
0.814412
0.290283
-0.952504
-0.616607
0.209185
0.677736
0.805671
0.707917
0.289127
-0.517102
-0.988232
0.10815
0.917745
-0.869577
0.45812
-0.241972
0.352715
-0.734323
0.997772
-0.335271
-0.920779
0.108955
0.861119
0.999056
0.964256
0.990179
0.942477
0.384924
-0.713173
-0.719848
0.889304
-0.208062
-0.314681
0.473069
-0.302969
-0.233155
0.907443
-0.676751
-0.769179
0.279038
0.883016
0.998724
0.999674
0.966147
0.613379
-0.345514
-0.987348
0.324385
0.647354
-0.98047
0.994545
-0.999194
0.924323
-0.370642
-0.709125
0.72872
0.886577
0.222741
-0.266857
-0.383746
0
0
0
0
0
0
0
0
0
0
0
0
0
0
0
0
0
0
0
0
0
0
0
0
0
0
0
0
0
0
0
0
0
0
0
0
0
0
0
0
0
0
0
0
0
0
0
0
0
0
0
0
0
0
0
0
0
0
0
0
0
0
0
0
